08/bathymetry.asc
ncols 328
nrows 172
xllcorner 283685.125
yllcorner 3355481.375
cellsize 1.0
NODATA_value -9999
[rows 52 to 77 of 172, columns 118 to 176 of 328]
-1.986875 -1.997500 -2.006875 -2.008750 -2.023750 -2.030000 -2.040625 -2.040625 -2.030625 -2.023750 -2.022500 -2.022500 -2.032500 -2.030000 -2.033750 -2.040625 -2.026875 -2.025000 -2.048125 -2.055625 -2.037500 -2.028750 -2.030000 -2.034375 -2.065000 -2.070000 -2.078125 -2.116250 -2.158750 -2.193125 -2.223125 -2.286250 -2.353750 -2.380000 -2.386250 -2.381250 -2.385625 -2.380625 -2.355000 -2.319375 -2.275000 -2.214375 -2.165000 -2.129375 -2.111250 -2.083750 -2.064375 -2.051875 -2.045625 -2.035625 -2.023750 -2.011250 -2.015000 -2.018125 -2.007500 -2.005000 -2.007500 -2.001250 -1.999375
-2.022500 -2.028750 -2.046250 -2.051875 -2.056250 -2.058125 -2.035625 -2.059375 -2.069375 -2.070625 -2.073125 -2.073750 -2.081250 -2.092500 -2.095625 -2.060000 -2.069375 -2.073750 -2.106875 -2.118125 -2.107500 -2.105625 -2.091250 -2.101250 -2.131875 -2.164375 -2.183125 -2.183750 -2.255625 -2.295625 -2.319375 -2.353750 -2.405625 -2.403125 -2.380625 -2.360625 -2.356250 -2.328750 -2.287500 -2.242500 -2.198750 -2.168125 -2.123125 -2.093750 -2.081875 -2.066250 -2.043125 -2.026250 -2.023125 -2.018750 -2.007500 -1.996875 -2.001250 -2.003750 -1.998125 -2.001250 -2.008750 -2.010625 -1.996250
-2.056250 -2.060000 -2.071875 -2.078125 -2.081250 -2.078750 -2.067500 -2.097500 -2.119375 -2.133750 -2.141875 -2.143750 -2.150625 -2.169375 -2.140000 -2.086250 -2.105625 -2.116875 -2.160625 -2.186250 -2.183750 -2.153125 -2.120000 -2.133125 -2.184375 -2.245000 -2.278750 -2.271250 -2.317500 -2.340000 -2.328125 -2.350000 -2.406875 -2.383125 -2.350000 -2.331875 -2.314375 -2.270000 -2.213750 -2.171250 -2.148750 -2.131875 -2.106875 -2.088125 -2.068125 -2.056875 -2.031250 -2.019375 -2.016875 -2.005000 -1.992500 -1.993750 -1.988125 -1.995625 -2.002500 -2.007500 -2.008750 -2.015625 -2.000625
-2.073750 -2.077500 -2.091250 -2.096875 -2.102500 -2.104375 -2.123750 -2.144375 -2.155000 -2.177500 -2.200625 -2.199375 -2.207500 -2.120000 -2.134375 -2.153125 -2.170625 -2.177500 -2.216875 -2.248750 -2.235625 -2.193125 -2.160625 -2.186250 -2.225625 -2.294375 -2.343750 -2.330625 -2.329375 -2.325625 -2.312500 -2.328125 -2.342500 -2.282500 -2.315000 -2.293125 -2.248750 -2.197500 -2.165000 -2.140000 -2.127500 -2.117500 -2.100625 -2.086250 -2.069375 -2.060000 -2.036250 -2.016250 -2.008750 -2.010000 -2.005000 -2.001250 -1.988750 -1.990000 -1.995000 -2.014375 -1.942500 -2.023750 -2.008750
-2.080000 -2.081875 -2.089375 -2.103750 -2.128750 -2.140000 -2.165625 -2.185625 -2.196875 -2.215625 -2.241875 -2.222500 -2.216875 -2.141875 -2.100625 -2.193750 -2.173750 -2.187500 -2.208750 -2.225000 -2.224375 -2.214375 -2.197500 -2.225000 -2.256875 -2.308750 -2.357500 -2.329375 -2.314375 -2.300625 -2.295625 -2.304375 -2.295000 -2.268750 -2.251250 -2.223750 -2.176250 -2.149375 -2.137500 -2.126250 -2.119375 -2.117500 -2.109375 -2.087500 -2.071875 -2.063125 -2.043750 -2.020000 -2.015625 -2.021250 -1.951875 -2.020625 -2.003125 -2.000000 -2.003750 -2.016250 -2.000625 -2.031875 -2.006875
-2.077500 -2.062500 -2.086250 -2.115000 -2.146875 -2.176250 -2.191250 -2.230625 -2.247500 -2.251875 -2.255625 -2.248750 -2.243125 -2.240625 -2.250000 -2.216250 -2.208125 -2.216250 -2.223750 -2.221250 -2.232500 -2.247500 -2.271250 -2.284375 -2.296250 -2.330000 -2.344375 -2.312500 -2.289375 -2.268750 -2.245625 -2.267500 -2.246875 -2.208750 -2.181875 -2.164375 -2.145000 -2.125000 -2.125625 -2.119375 -2.111250 -2.116875 -2.110000 -2.095000 -2.091250 -2.081875 -2.059375 -2.027500 -2.024375 -2.038750 -2.027500 -2.037500 -2.015625 -2.022500 -2.006875 -2.008750 -2.022500 -2.016875 -2.006875
-2.081250 -2.078125 -2.095000 -2.123750 -2.167500 -2.201875 -2.227500 -2.252500 -2.281875 -2.295625 -2.278750 -2.263125 -2.247500 -2.263125 -2.278125 -2.280625 -2.271875 -2.261875 -2.262500 -2.252500 -2.245000 -2.253125 -2.284375 -2.299375 -2.312500 -2.328750 -2.341875 -2.296250 -2.250625 -2.215625 -2.200625 -2.200000 -2.188750 -2.155625 -2.134375 -2.125000 -2.116875 -2.111250 -2.103750 -2.117500 -2.117500 -2.118750 -2.106875 -2.102500 -2.108750 -2.060625 -2.063125 -2.046875 -2.030000 -2.033125 -2.041875 -2.036875 -2.020000 -2.011875 -2.006875 -2.003750 -2.011250 -2.020000 -2.004375
-2.111875 -2.120625 -2.124375 -2.149375 -2.181250 -2.213750 -2.245625 -2.273125 -2.319375 -2.336875 -2.303750 -2.276875 -2.270000 -2.260000 -2.275000 -2.320625 -2.311875 -2.270000 -2.235625 -2.217500 -2.206250 -2.231250 -2.267500 -2.296875 -2.328125 -2.326875 -2.318750 -2.252500 -2.222500 -2.199375 -2.185000 -2.166875 -2.145625 -2.125625 -2.111875 -2.108750 -2.101875 -2.103750 -2.111875 -2.121875 -2.121250 -2.120625 -2.117500 -2.112500 -2.112500 -2.092500 -2.076250 -2.050625 -2.038750 -2.032500 -2.033125 -2.029375 -2.022500 -2.015625 -2.017500 -2.004375 -1.999375 -2.021250 -1.989375
-2.121875 -2.136250 -2.148125 -2.180000 -2.213750 -2.261250 -2.295625 -2.318125 -2.358750 -2.363750 -2.312500 -2.297500 -2.268125 -2.268125 -2.286250 -2.297500 -2.290625 -2.258750 -2.236875 -2.226875 -2.251875 -2.268750 -2.299375 -2.314375 -2.326875 -2.295625 -2.278750 -2.246250 -2.225625 -2.206250 -2.187500 -2.157500 -2.138125 -2.114375 -2.096250 -2.101250 -2.100625 -2.115000 -2.114375 -2.125625 -2.135625 -2.140625 -2.134375 -2.122500 -2.110000 -2.098125 -2.076250 -2.059375 -2.051250 -2.032500 -2.025625 -2.028125 -2.037500 -2.028125 -2.031250 -2.018750 -2.010000 -2.023750 -2.028000
-2.150625 -2.173125 -2.213750 -2.240625 -2.277500 -2.336875 -2.369375 -2.369375 -2.383750 -2.358125 -2.315625 -2.306250 -2.273125 -2.279375 -2.295000 -2.279375 -2.259375 -2.239375 -2.239375 -2.261250 -2.263750 -2.269375 -2.296875 -2.291250 -2.301875 -2.286250 -2.256875 -2.232500 -2.228750 -2.218750 -2.209375 -2.170000 -2.141875 -2.105000 -2.095000 -2.095625 -2.095000 -2.111250 -2.120000 -2.126875 -2.146875 -2.150000 -2.154375 -2.147500 -2.121875 -2.098125 -2.080000 -2.064375 -2.056875 -2.043125 -2.031250 -2.021875 -2.054375 -2.040000 -2.040000 -2.060000 -2.031875 -2.030000 -2.038750
-2.210625 -2.254375 -2.299375 -2.315625 -2.336250 -2.392500 -2.406250 -2.384375 -2.382500 -2.361250 -2.318750 -2.310625 -2.283125 -2.278125 -2.271250 -2.231875 -2.228750 -2.237500 -2.270000 -2.261250 -2.265625 -2.255000 -2.265625 -2.284375 -2.286875 -2.279375 -2.246250 -2.235625 -2.230625 -2.237500 -2.217500 -2.176250 -2.137500 -2.106250 -2.095625 -2.091250 -2.098125 -2.095625 -2.118125 -2.133750 -2.148750 -2.165625 -2.175625 -2.174375 -2.150000 -2.118125 -2.101875 -2.088750 -2.070000 -2.064375 -2.043125 -2.039375 -2.045625 -2.061250 -2.058750 -2.091250 -2.056250 -2.051875 -2.106154
-2.268125 -2.318125 -2.343750 -2.342500 -2.346875 -2.382500 -2.401250 -2.401875 -2.390625 -2.346875 -2.296875 -2.301875 -2.283125 -2.263125 -2.264375 -2.267500 -2.266250 -2.265000 -2.265000 -2.265000 -2.256875 -2.265000 -2.292500 -2.288125 -2.263125 -2.266875 -2.251875 -2.235000 -2.238125 -2.241250 -2.205625 -2.156875 -2.125000 -2.102500 -2.089375 -2.091250 -2.102500 -2.106875 -2.125625 -2.138125 -2.161250 -2.188750 -2.220000 -2.221875 -2.190000 -2.155000 -2.135625 -2.126250 -2.086875 -2.079375 -2.064375 -2.045625 -1.973125 -2.081250 -2.091429 -2.109000 -2.094000 -2.060000 -9999.000000
-2.276250 -2.290625 -2.352500 -2.365000 -2.354375 -2.364375 -2.350625 -2.360000 -2.345000 -2.313125 -2.273750 -2.294375 -2.298125 -2.272500 -2.279375 -2.280000 -2.254375 -2.253125 -2.243750 -2.244375 -2.218125 -2.243750 -2.257500 -2.264375 -2.252500 -2.250000 -2.244375 -2.231875 -2.226875 -2.222500 -2.200000 -2.162500 -2.129375 -2.105000 -2.093750 -2.090625 -2.100000 -2.130000 -2.134375 -2.139375 -2.171875 -2.206875 -2.254375 -2.279375 -2.242500 -2.191250 -2.161875 -2.140625 -2.110625 -2.106250 -2.115000 -2.100909 -1.894286 -2.100000 -9999.000000 -9999.000000 -9999.000000 -9999.000000 -9999.000000
-2.224375 -2.275000 -2.306875 -2.311250 -2.333125 -2.351875 -2.315000 -2.299375 -2.308125 -2.288750 -2.276250 -2.275625 -2.294375 -2.284375 -2.278125 -2.235625 -2.223125 -2.220625 -2.222500 -2.226250 -2.220625 -2.213750 -2.235000 -2.231875 -2.238125 -2.253750 -2.249375 -2.240625 -2.215000 -2.202500 -2.202500 -2.176875 -2.133125 -2.108750 -2.101250 -2.099375 -2.105000 -2.119375 -2.136875 -2.138750 -2.178125 -2.227500 -2.273125 -2.323125 -2.298125 -2.221250 -2.171875 -2.132500 -2.118750 -2.107500 -2.115714 -9999.000000 -9999.000000 -9999.000000 -9999.000000 -9999.000000 -9999.000000 -9999.000000 -9999.000000
-2.191250 -2.223750 -2.249375 -2.256875 -2.288125 -2.319375 -2.288125 -2.273750 -2.276875 -2.278125 -2.289375 -2.278750 -2.286250 -2.284375 -2.236875 -2.208125 -2.207500 -2.210000 -2.206875 -2.208750 -2.224375 -2.245625 -2.245000 -2.235000 -2.237500 -2.246250 -2.258750 -2.253125 -2.222500 -2.194375 -2.186875 -2.176250 -2.136250 -2.113125 -2.105000 -2.101250 -2.103750 -2.135000 -2.148750 -2.143125 -2.179375 -2.250000 -2.315000 -2.363125 -2.338125 -2.240000 -2.180000 -2.151875 -2.143125 -2.146250 -2.138750 -2.160000 -9999.000000 -9999.000000 -9999.000000 -9999.000000 -9999.000000 -9999.000000 -9999.000000
-2.177500 -2.210625 -2.239375 -2.280625 -2.286250 -2.280625 -2.287500 -2.271250 -2.263750 -2.258125 -2.271875 -2.295625 -2.281250 -2.249375 -2.203750 -2.198125 -2.220625 -2.243125 -2.260625 -2.236250 -2.231250 -2.240000 -2.263125 -2.265000 -2.254375 -2.250625 -2.251250 -2.241250 -2.212500 -2.189375 -2.171875 -2.172500 -2.148750 -2.122500 -2.102500 -2.108750 -2.103750 -2.110625 -2.120625 -2.138750 -2.171875 -2.231875 -2.300625 -2.346250 -2.342500 -2.258125 -2.206250 -2.185625 -2.174375 -2.162500 -2.105625 -2.127143 -9999.000000 -9999.000000 -9999.000000 -9999.000000 -9999.000000 -9999.000000 -9999.000000
-2.189375 -2.221250 -2.264375 -2.294375 -2.297500 -2.296875 -2.279375 -2.273125 -2.261875 -2.256250 -2.276875 -2.288750 -2.285625 -2.254375 -2.216250 -2.215625 -2.216250 -2.237500 -2.280000 -2.274375 -2.250625 -2.230625 -2.237500 -2.261250 -2.251250 -2.249375 -2.251250 -2.235000 -2.212500 -2.188125 -2.166250 -2.159375 -2.150625 -2.123125 -2.101875 -2.100000 -2.101250 -2.112500 -2.133750 -2.138750 -2.168125 -2.221875 -2.284375 -2.332500 -2.323750 -2.281875 -2.234375 -2.208750 -2.181250 -2.150000 -2.062500 -2.111250 -2.131429 -9999.000000 -9999.000000 -9999.000000 -9999.000000 -9999.000000 -9999.000000
-2.208125 -2.241250 -2.283125 -2.290625 -2.297500 -2.295000 -2.255000 -2.253125 -2.252500 -2.243125 -2.239375 -2.236875 -2.231250 -2.206250 -2.208125 -2.211250 -2.225000 -2.228750 -2.247500 -2.266250 -2.264375 -2.238125 -2.239375 -2.246875 -2.240000 -2.245000 -2.253750 -2.244375 -2.226875 -2.192500 -2.169375 -2.155625 -2.143125 -2.126250 -2.106875 -2.096250 -2.100000 -2.109375 -2.133125 -2.140625 -2.156250 -2.222500 -2.275625 -2.303125 -2.318750 -2.298750 -2.253750 -2.222500 -2.197500 -2.153125 -2.145000 -2.146250 -2.156667 -2.080000 -9999.000000 -9999.000000 -9999.000000 -9999.000000 -9999.000000
-2.175000 -2.240000 -2.283750 -2.277500 -2.263125 -2.266875 -2.243750 -2.253750 -2.230625 -2.206875 -2.200625 -2.210625 -2.219375 -2.190000 -2.186250 -2.184375 -2.200000 -2.209375 -2.231875 -2.245625 -2.270000 -2.257500 -2.248125 -2.247500 -2.233750 -2.237500 -2.238750 -2.237500 -2.213125 -2.193750 -2.169375 -2.152500 -2.140000 -2.129375 -2.116250 -2.102500 -2.098750 -2.104375 -2.118125 -2.111875 -2.156875 -2.225000 -2.284375 -2.325625 -2.345625 -2.333750 -2.296875 -2.250000 -2.210625 -2.176875 -2.146250 -1.974375 -2.140000 -2.123333 -9999.000000 -9999.000000 -9999.000000 -9999.000000 -9999.000000
-2.171250 -2.223750 -2.268125 -2.239375 -2.220000 -2.238125 -2.256875 -2.266875 -2.252500 -2.235000 -2.198750 -2.225625 -2.242500 -2.224375 -2.193125 -2.195000 -2.196875 -2.200625 -2.223125 -2.253750 -2.264375 -2.276875 -2.251875 -2.247500 -2.232500 -2.226250 -2.232500 -2.230625 -2.200000 -2.190625 -2.170000 -2.153125 -2.138750 -2.129375 -2.120625 -2.105625 -2.101875 -2.105625 -2.120000 -2.122500 -2.167500 -2.228750 -2.299375 -2.339375 -2.361875 -2.358125 -2.319375 -2.278125 -2.226875 -2.199375 -2.166250 -2.164375 -2.161875 -2.170833 -9999.000000 -9999.000000 -9999.000000 -9999.000000 -9999.000000
-2.192500 -2.247500 -2.272500 -2.251875 -2.226875 -2.245000 -2.243125 -2.253125 -2.260625 -2.250000 -2.241250 -2.271250 -2.295000 -2.273125 -2.214375 -2.186875 -2.171875 -2.179375 -2.196250 -2.215625 -2.227500 -2.250625 -2.260625 -2.244375 -2.226875 -2.216875 -2.218750 -2.213750 -2.196250 -2.184375 -2.176875 -2.158125 -2.133750 -2.133750 -2.124375 -2.115000 -2.103750 -2.101250 -2.111250 -2.128750 -2.168750 -2.237500 -2.301250 -2.327500 -2.350625 -2.341250 -2.311250 -2.281250 -2.236875 -2.211875 -2.196875 -2.191875 -2.176250 -2.182500 -2.205000 -9999.000000 -9999.000000 -9999.000000 -9999.000000
-2.193125 -2.257500 -2.265625 -2.255625 -2.248125 -2.240000 -2.247500 -2.249375 -2.280000 -2.266875 -2.297500 -2.306250 -2.331250 -2.250625 -2.190625 -2.175000 -2.161250 -2.163750 -2.175000 -2.183125 -2.186250 -2.200625 -2.231250 -2.238125 -2.212500 -2.189375 -2.184375 -2.183125 -2.176250 -2.171875 -2.177500 -2.166875 -2.142500 -2.131875 -2.131250 -2.105000 -2.097500 -2.094375 -2.087500 -2.115000 -2.163125 -2.233750 -2.291875 -2.315625 -2.352500 -2.337500 -2.311875 -2.283750 -2.251250 -2.228750 -2.213750 -2.199375 -2.193750 -2.190000 -2.177000 -9999.000000 -9999.000000 -9999.000000 -9999.000000
-2.185625 -2.260000 -2.255625 -2.270625 -2.290625 -2.285000 -2.245000 -2.233125 -2.264375 -2.248750 -2.305000 -2.390000 -2.332500 -2.232500 -2.180625 -2.153750 -2.148750 -2.148750 -2.160625 -2.163750 -2.163750 -2.172500 -2.201250 -2.224375 -2.206250 -2.186875 -2.183750 -2.184375 -2.166250 -2.158750 -2.161875 -2.169375 -2.150625 -2.126250 -2.106250 -2.096250 -2.088125 -2.081250 -2.094375 -2.115625 -2.154375 -2.213750 -2.272500 -2.296875 -2.327500 -2.333750 -2.315625 -2.286875 -2.245625 -2.219375 -2.196875 -2.193125 -2.184375 -2.161875 -2.156154 -9999.000000 -9999.000000 -9999.000000 -9999.000000
-2.162500 -2.213750 -2.237500 -2.255000 -2.300000 -2.259375 -2.194375 -2.172500 -2.183125 -2.225000 -2.271250 -2.368125 -2.328125 -2.246250 -2.188125 -2.148750 -2.134375 -2.152500 -2.145625 -2.145000 -2.148125 -2.143750 -2.185625 -2.212500 -2.219375 -2.186875 -2.176250 -2.170000 -2.153125 -2.149375 -2.158125 -2.163750 -2.141875 -2.109375 -2.102500 -2.093750 -2.083750 -2.078125 -2.091875 -2.108750 -2.143125 -2.196875 -2.256250 -2.288750 -2.323750 -2.328125 -2.311250 -2.278750 -2.244375 -2.210625 -2.188125 -2.180625 -2.180625 -2.172500 -2.175625 -9999.000000 -9999.000000 -9999.000000 -9999.000000
-2.112500 -2.148125 -2.186250 -2.221875 -2.252500 -2.171250 -2.160000 -2.140000 -2.152500 -2.209375 -2.243750 -2.343125 -2.349375 -2.260000 -2.194375 -2.144375 -2.124375 -2.124375 -2.129375 -2.123750 -2.133750 -2.136875 -2.157500 -2.183750 -2.206875 -2.181875 -2.170000 -2.155625 -2.142500 -2.135625 -2.130000 -2.145000 -2.144375 -2.110625 -2.100625 -2.099375 -2.090000 -2.085625 -2.099375 -2.113750 -2.155000 -2.179375 -2.238750 -2.286250 -2.333750 -2.344375 -2.325625 -2.286250 -2.246250 -2.214375 -2.179375 -2.165625 -2.166875 -2.176875 -2.173750 -2.172500 -9999.000000 -9999.000000 -9999.000000
-2.066250 -2.100000 -2.135000 -2.150625 -2.138125 -2.125000 -2.175625 -2.170625 -2.171875 -2.191875 -2.223125 -2.298750 -2.289375 -2.225000 -2.180000 -2.148750 -2.115625 -2.111250 -2.104375 -2.104375 -2.117500 -2.126875 -2.149375 -2.161250 -2.185625 -2.169375 -2.153750 -2.132500 -2.130000 -2.136250 -2.125000 -2.128125 -2.147500 -2.119375 -2.107500 -2.098750 -2.100000 -2.083125 -2.091875 -2.100000 -2.108125 -2.130000 -2.217500 -2.273125 -2.325000 -2.345625 -2.333750 -2.290625 -2.256875 -2.206250 -2.174375 -2.152500 -2.156875 -2.165625 -2.166250 -2.185000 -9999.000000 -9999.000000 -9999.000000
