08/bathymetry.asc
ncols 328
nrows 172
xllcorner 283685.125
yllcorner 3355481.375
cellsize 1.0
NODATA_value -9999
[rows 130 to 155 of 172, columns 118 to 176 of 328]
-2.110000 -2.106875 -2.100625 -2.100000 -2.093750 -2.095000 -2.106250 -2.103750 -2.103750 -2.099375 -2.096250 -2.099375 -2.093125 -2.090625 -2.097500 -2.100000 -2.097500 -2.100000 -2.103125 -2.100000 -2.102500 -2.109375 -2.102500 -2.100000 -2.093750 -2.095000 -2.099375 -2.113750 -2.113750 -2.118125 -2.128750 -2.123125 -2.118125 -2.124375 -2.122500 -2.120000 -2.120000 -2.123125 -2.133125 -2.135000 -2.128750 -2.130000 -2.135000 -2.135000 -2.137500 -2.138125 -2.140000 -2.139375 -2.151875 -2.133750 -2.146250 -2.152500 -2.163750 -2.174545 -2.193750 -2.185000 -2.190000 -9999.000000 -9999.000000
-2.114375 -2.106875 -2.105625 -2.101250 -2.100000 -2.100625 -2.111250 -2.108750 -2.110625 -2.105625 -2.104375 -2.096875 -2.090625 -2.096875 -2.100000 -2.101875 -2.099375 -2.101875 -2.103750 -2.105625 -2.103125 -2.100625 -2.099375 -2.097500 -2.097500 -2.096250 -2.115000 -2.120000 -2.113125 -2.117500 -2.121875 -2.126875 -2.118750 -2.123750 -2.121250 -2.110625 -2.115000 -2.120000 -2.131250 -2.130000 -2.124375 -2.130625 -2.136875 -2.133750 -2.130000 -2.139375 -2.133750 -2.147500 -2.150000 -2.128750 -2.153333 -2.143333 -2.155000 -9999.000000 -9999.000000 -9999.000000 -9999.000000 -9999.000000 -9999.000000
-2.119375 -2.100625 -2.105625 -2.110000 -2.090625 -2.092500 -2.103125 -2.110000 -2.123750 -2.108750 -2.103125 -2.090000 -2.089375 -2.092500 -2.101875 -2.119375 -2.106875 -2.107500 -2.110625 -2.112500 -2.111250 -2.112500 -2.111250 -2.120000 -2.113750 -2.111875 -2.113750 -2.112500 -2.110625 -2.113750 -2.118750 -2.118125 -2.109375 -2.113750 -2.111250 -2.111875 -2.113750 -2.122500 -2.130000 -2.120625 -2.121250 -2.127500 -2.138750 -2.137500 -2.131875 -2.136250 -2.117500 -2.110000 -2.091875 -2.070000 -9999.000000 -9999.000000 -9999.000000 -9999.000000 -9999.000000 -9999.000000 -9999.000000 -9999.000000 -9999.000000
-2.110625 -2.105000 -2.108125 -2.106250 -2.090625 -2.089375 -2.104375 -2.113750 -2.120000 -2.105000 -2.093750 -2.085000 -2.089375 -2.098125 -2.107500 -2.113750 -2.111875 -2.110625 -2.118750 -2.117500 -2.116250 -2.116250 -2.116875 -2.118750 -2.112500 -2.116875 -2.114375 -2.113125 -2.111250 -2.110625 -2.111875 -2.115625 -2.106250 -2.111875 -2.110000 -2.111875 -2.109375 -2.117500 -2.123125 -2.128750 -2.125625 -2.123125 -2.126250 -2.103125 -2.082500 -2.090000 -2.090000 -2.085625 -2.075625 -2.090000 -9999.000000 -9999.000000 -9999.000000 -9999.000000 -9999.000000 -9999.000000 -9999.000000 -9999.000000 -9999.000000
-2.110000 -2.109375 -2.103125 -2.098750 -2.100625 -2.094375 -2.105000 -2.121875 -2.120625 -2.111875 -2.102500 -2.098125 -2.093750 -2.101875 -2.098750 -2.101250 -2.107500 -2.110000 -2.113125 -2.115625 -2.117500 -2.113750 -2.110625 -2.111875 -2.108750 -2.110625 -2.111250 -2.115000 -2.112500 -2.115000 -2.110625 -2.113125 -2.105625 -2.111250 -2.109375 -2.103750 -2.107500 -2.115625 -2.116250 -2.116250 -2.101250 -2.095625 -2.078750 -2.074375 -2.073750 -2.084375 -2.103750 -2.090000 -2.087500 -9999.000000 -9999.000000 -9999.000000 -9999.000000 -9999.000000 -9999.000000 -9999.000000 -9999.000000 -9999.000000 -9999.000000
-2.116250 -2.114375 -2.113750 -2.107500 -2.095000 -2.095625 -2.104375 -2.127500 -2.121250 -2.111250 -2.103750 -2.099375 -2.099375 -2.100000 -2.101250 -2.100625 -2.098750 -2.103750 -2.103125 -2.106875 -2.101250 -2.109375 -2.110625 -2.106250 -2.108750 -2.100000 -2.102500 -2.101250 -2.101250 -2.102500 -2.110625 -2.111875 -2.111875 -2.106250 -2.111875 -2.106250 -2.096250 -2.094375 -2.095000 -2.104375 -2.094375 -2.093750 -2.093750 -2.083750 -2.085625 -2.083750 -2.088125 -2.125714 -2.187500 -2.180000 -2.175000 -2.157500 -9999.000000 -9999.000000 -9999.000000 -9999.000000 -9999.000000 -9999.000000 -9999.000000
-2.129375 -2.120000 -2.117500 -2.111250 -2.103125 -2.091875 -2.094375 -2.136250 -2.120625 -2.110000 -2.104375 -2.098125 -2.095625 -2.102500 -2.102500 -2.094375 -2.091875 -2.092500 -2.097500 -2.099375 -2.090625 -2.105000 -2.102500 -2.099375 -2.101250 -2.105625 -2.102500 -2.100625 -2.101250 -2.100625 -2.115625 -2.115000 -2.110625 -2.100000 -2.109375 -2.099375 -2.103125 -2.103125 -2.106250 -2.118750 -2.121250 -2.130625 -2.144375 -2.148750 -2.160000 -2.158750 -2.179375 -2.188750 -2.178750 -2.176250 -2.176250 -2.172500 -2.180000 -2.170667 -2.185000 -9999.000000 -9999.000000 -9999.000000 -9999.000000
-2.121875 -2.113125 -2.098750 -2.090000 -2.086250 -2.091875 -2.085625 -2.110000 -2.128125 -2.108750 -2.100000 -2.098125 -2.090625 -2.095000 -2.104375 -2.113125 -2.117500 -2.105625 -2.099375 -2.085000 -2.079375 -2.093750 -2.090625 -2.092500 -2.097500 -2.104375 -2.100000 -2.103750 -2.103125 -2.106250 -2.119375 -2.116250 -2.103125 -2.093750 -2.091875 -2.100000 -2.117500 -2.129375 -2.136250 -2.128125 -2.129375 -2.145625 -2.145625 -2.151875 -2.160000 -2.161875 -2.187500 -2.181875 -2.170000 -2.167500 -2.163125 -2.165000 -2.168125 -2.165625 -2.172727 -9999.000000 -9999.000000 -9999.000000 -9999.000000
-2.137500 -2.140000 -2.139375 -2.148125 -2.128125 -2.126250 -2.123750 -2.110625 -2.106250 -2.103750 -2.099375 -2.093125 -2.095000 -2.100000 -2.103125 -2.110000 -2.105000 -2.105000 -2.098750 -2.096875 -2.095000 -2.098125 -2.101875 -2.098750 -2.096875 -2.098750 -2.093750 -2.093125 -2.098750 -2.104375 -2.108750 -2.106875 -2.101250 -2.099375 -2.078125 -2.093125 -2.153125 -2.194375 -2.226250 -2.152500 -2.130625 -2.137500 -2.147500 -2.147500 -2.160625 -2.165000 -2.170000 -2.168125 -2.171875 -2.166875 -2.156250 -2.150625 -2.158750 -2.172500 -2.168333 -9999.000000 -9999.000000 -9999.000000 -9999.000000
-2.156250 -2.163125 -2.163125 -2.148750 -2.147500 -2.143750 -2.126250 -2.116250 -2.109375 -2.098125 -2.091250 -2.093125 -2.108750 -2.110000 -2.095000 -2.096250 -2.095625 -2.093125 -2.093750 -2.091250 -2.090000 -2.090625 -2.091250 -2.087500 -2.090000 -2.095000 -2.091875 -2.095000 -2.098750 -2.101250 -2.101250 -2.099375 -2.098125 -2.102500 -2.086250 -2.118125 -2.203750 -2.228125 -2.247500 -2.146875 -2.130625 -2.131250 -2.143750 -2.161875 -2.168125 -2.158125 -2.155625 -2.159375 -2.164375 -2.164375 -2.161875 -2.147500 -2.156875 -2.158750 -2.162308 -9999.000000 -9999.000000 -9999.000000 -9999.000000
-2.148125 -2.154375 -2.171250 -2.156875 -2.145625 -2.146875 -2.148750 -2.146875 -2.146250 -2.126250 -2.101875 -2.102500 -2.108125 -2.103125 -2.091250 -2.090000 -2.089375 -2.085625 -2.084375 -2.081875 -2.078125 -2.080625 -2.079375 -2.081875 -2.083125 -2.084375 -2.088125 -2.088125 -2.086875 -2.091250 -2.090625 -2.091875 -2.088750 -2.095625 -2.095625 -2.116875 -2.238125 -2.276875 -2.208125 -2.108125 -2.113125 -2.122500 -2.167500 -2.162500 -2.173125 -2.168750 -2.152500 -2.155625 -2.166250 -2.178750 -2.163750 -2.148750 -2.160000 -2.153125 -2.165000 -9999.000000 -9999.000000 -9999.000000 -9999.000000
-2.135625 -2.143750 -2.135625 -2.138125 -2.135000 -2.131875 -2.128750 -2.130625 -2.135000 -2.125000 -2.105625 -2.100625 -2.094375 -2.092500 -2.089375 -2.088750 -2.084375 -2.078125 -2.076875 -2.076875 -2.071250 -2.068125 -2.060625 -2.062500 -2.061250 -2.063125 -2.067500 -2.068125 -2.067500 -2.072500 -2.072500 -2.075625 -2.077500 -2.092500 -2.101250 -2.137500 -2.228125 -2.204375 -2.131875 -2.106875 -2.116875 -2.123750 -2.146875 -2.154375 -2.167500 -2.171875 -2.156875 -2.143750 -2.150625 -2.163750 -2.156875 -2.165625 -2.178750 -2.177500 -2.163750 -9999.000000 -9999.000000 -9999.000000 -9999.000000
-2.111875 -2.110625 -2.098125 -2.096875 -2.097500 -2.096875 -2.094375 -2.093750 -2.087500 -2.095000 -2.091250 -2.081250 -2.071875 -2.074375 -2.078125 -2.071875 -2.062500 -2.058750 -2.059375 -2.055625 -2.049375 -2.053750 -2.048750 -2.048750 -2.049375 -2.049375 -2.053750 -2.054375 -2.062500 -2.069375 -2.063750 -2.072500 -2.077500 -2.093125 -2.091875 -2.101250 -2.128750 -2.101250 -2.096875 -2.115625 -2.115000 -2.114375 -2.123750 -2.143125 -2.152500 -2.160625 -2.151250 -2.140625 -2.140000 -2.158750 -2.174375 -2.189375 -2.175000 -2.153125 -2.157500 -2.152500 -9999.000000 -9999.000000 -9999.000000
-2.092500 -2.091875 -2.090000 -2.081875 -2.081250 -2.081875 -2.080000 -2.077500 -2.071250 -2.069375 -2.061875 -2.055000 -2.045625 -2.045000 -2.043750 -2.043750 -2.038125 -2.042500 -2.042500 -2.046250 -2.048125 -2.041250 -2.043750 -2.047500 -2.043125 -2.049375 -2.050625 -2.050625 -2.056875 -2.067500 -2.064375 -2.075625 -2.073750 -2.085625 -2.098125 -2.089375 -2.093750 -2.095625 -2.110625 -2.111875 -2.116875 -2.114375 -2.120625 -2.130625 -2.140625 -2.140625 -2.140625 -2.140625 -2.131250 -2.151250 -2.180625 -2.167500 -2.131875 -2.126875 -2.133125 -2.132500 -9999.000000 -9999.000000 -9999.000000
-2.078750 -2.080625 -2.072500 -2.078125 -2.075000 -2.073125 -2.067500 -2.058750 -2.053125 -2.039375 -2.032500 -2.027500 -2.026250 -2.024375 -2.027500 -2.028750 -2.028750 -2.028750 -2.029375 -2.036250 -2.046250 -2.040000 -2.040000 -2.040000 -2.042500 -2.053125 -2.052500 -2.050000 -2.058750 -2.059375 -2.062500 -2.074375 -2.068125 -2.065625 -2.083750 -2.085000 -2.095000 -2.100000 -2.097500 -2.096875 -2.099375 -2.101875 -2.104375 -2.111250 -2.116250 -2.116875 -2.128750 -2.138125 -2.135000 -2.153125 -2.148125 -2.123125 -2.104375 -2.103750 -2.115000 -2.123333 -9999.000000 -9999.000000 -9999.000000
-2.067500 -2.066875 -2.064375 -2.062500 -2.057500 -2.054375 -2.046875 -2.039375 -2.033125 -2.025625 -2.016250 -2.009375 -2.008125 -2.013750 -2.014375 -2.015625 -2.018125 -2.019375 -2.017500 -2.023125 -2.029375 -2.032500 -2.033750 -2.041250 -2.040000 -2.036250 -2.044375 -2.045000 -2.048750 -2.048750 -2.058125 -2.063750 -2.066250 -2.061875 -2.089375 -2.088750 -2.090000 -2.091250 -2.083750 -2.078750 -2.083125 -2.088125 -2.095000 -2.097500 -2.101875 -2.101875 -2.099375 -2.108750 -2.138750 -2.151250 -2.120000 -2.106875 -2.095000 -2.088750 -2.103750 -2.120000 -9999.000000 -9999.000000 -9999.000000
-2.051875 -2.050625 -2.047500 -2.042500 -2.036250 -2.037500 -2.032500 -2.025000 -2.016875 -2.009375 -2.002500 -1.999375 -2.000000 -1.999375 -2.001875 -2.011875 -2.013750 -2.016250 -2.016250 -2.016250 -2.020000 -2.020000 -2.020625 -2.023750 -2.022500 -2.028125 -2.035625 -2.038750 -2.040625 -2.045000 -2.046250 -2.051875 -2.065625 -2.075625 -2.077500 -2.081250 -2.095000 -2.092500 -2.075625 -2.068125 -2.064375 -2.070000 -2.080625 -2.081875 -2.086250 -2.083125 -2.072500 -2.075000 -2.101250 -2.094375 -2.085625 -2.090625 -2.081875 -2.081250 -2.093125 -2.106250 -9999.000000 -9999.000000 -9999.000000
-2.034375 -2.034375 -2.030625 -2.029375 -2.030000 -2.027500 -2.018125 -2.011250 -2.012500 -2.002500 -1.997500 -1.991250 -1.994375 -1.988750 -1.992500 -2.001875 -2.014375 -2.014375 -2.006250 -2.008750 -2.006250 -2.013125 -2.015000 -2.020625 -2.013125 -2.030625 -2.026875 -2.031875 -2.031250 -2.039375 -2.035000 -2.038750 -2.057500 -2.060000 -2.060000 -2.086250 -2.134375 -2.084375 -2.070625 -2.058125 -2.055000 -2.058750 -2.066875 -2.073125 -2.076250 -2.073125 -2.061250 -2.065000 -2.071250 -2.066250 -2.065000 -2.070000 -2.080000 -2.073125 -2.080625 -2.088182 -9999.000000 -9999.000000 -9999.000000
-2.032500 -2.030625 -2.023750 -2.023125 -2.023750 -2.016250 -2.005625 -2.001875 -2.000625 -1.995000 -1.988125 -1.983750 -1.983125 -1.981875 -1.986250 -1.990625 -1.998125 -2.000625 -2.001250 -2.000000 -2.000000 -2.004375 -2.008750 -2.009375 -2.013125 -2.032500 -2.021250 -2.021875 -2.026875 -2.030000 -2.035000 -2.043125 -2.050000 -2.050625 -2.052500 -2.086250 -2.115000 -2.083125 -2.059375 -2.056250 -2.055000 -2.053750 -2.055625 -2.061875 -2.066250 -2.063125 -2.056875 -2.059375 -2.055000 -2.063125 -2.057500 -2.058750 -2.065000 -2.069375 -2.074375 -2.080833 -9999.000000 -9999.000000 -9999.000000
-2.023125 -2.023125 -2.018750 -2.016875 -2.015000 -2.008125 -2.006250 -1.997500 -1.998750 -1.991875 -1.982500 -1.973750 -1.973750 -1.970625 -1.973125 -1.982500 -1.994375 -2.001250 -2.005625 -2.007500 -2.009375 -2.009375 -2.010625 -1.999375 -2.010625 -2.016250 -2.022500 -2.020625 -2.026875 -2.030000 -2.033125 -2.037500 -2.044375 -2.048125 -2.046875 -2.053750 -2.063750 -2.055000 -2.048750 -2.048125 -2.050000 -2.055000 -2.056250 -2.061875 -2.068125 -2.063750 -2.058125 -2.060000 -2.056250 -2.058750 -2.054375 -2.057500 -2.051875 -2.065625 -2.065625 -2.070769 -9999.000000 -9999.000000 -9999.000000
-2.005000 -2.007500 -2.013750 -2.008750 -2.005625 -1.998750 -2.001250 -1.998750 -1.995000 -1.991875 -1.975625 -1.975625 -1.970000 -1.975625 -1.982500 -1.993125 -2.007500 -2.016250 -2.013125 -2.010000 -2.005000 -2.001875 -2.006875 -1.996875 -2.005000 -2.012500 -2.022500 -2.023125 -2.027500 -2.038125 -2.040000 -2.041250 -2.040000 -2.042500 -2.043125 -2.043125 -2.043750 -2.045000 -2.040000 -2.046250 -2.047500 -2.050000 -2.055625 -2.060625 -2.061875 -2.070625 -2.074375 -2.070000 -2.065625 -2.054375 -2.054375 -2.059375 -2.053125 -2.054375 -2.061250 -2.060000 -9999.000000 -9999.000000 -9999.000000
-2.014375 -2.013125 -2.012500 -2.010000 -2.006250 -2.000000 -2.005625 -2.003125 -1.995625 -1.990000 -1.983750 -1.972500 -1.970000 -1.971875 -1.980000 -1.996875 -2.014375 -2.021250 -2.016875 -2.015000 -2.011875 -2.001250 -2.000000 -2.001875 -1.997500 -2.008125 -2.020625 -2.021875 -2.030000 -2.040000 -2.039375 -2.036250 -2.036875 -2.032500 -2.037500 -2.055000 -2.048750 -2.038750 -2.038750 -2.036875 -2.041250 -2.044375 -2.049375 -2.056875 -2.065625 -2.077500 -2.077500 -2.073125 -2.069375 -2.053750 -2.051250 -2.061875 -2.054375 -2.055000 -2.061875 -2.064375 -9999.000000 -9999.000000 -9999.000000
-2.020000 -2.023750 -2.013750 -2.013125 -2.009375 -2.006875 -2.004375 -2.008750 -1.996875 -1.990000 -1.981875 -1.974375 -1.970625 -1.975000 -1.981875 -2.007500 -2.012500 -2.003125 -2.026250 -2.024375 -2.012500 -2.002500 -2.009375 -2.025625 -2.023750 -2.025625 -2.021250 -2.024375 -2.026250 -2.038125 -2.041875 -2.036875 -2.030000 -2.031250 -2.041250 -2.045000 -2.070000 -2.058125 -2.041250 -2.037500 -2.047500 -2.047500 -2.052500 -2.062500 -2.067500 -2.083125 -2.103750 -2.098750 -2.078750 -2.060625 -2.052500 -2.054375 -2.051875 -2.051875 -2.061250 -2.073750 -2.077500 -9999.000000 -9999.000000
-2.003125 -2.023125 -2.015625 -2.013750 -2.010625 -2.010625 -2.010000 -2.010000 -2.008125 -2.001250 -1.986250 -1.980000 -1.976875 -1.976875 -1.978125 -1.998125 -2.017500 -2.029375 -2.031250 -2.033750 -2.018125 -2.005000 -2.006250 -2.031250 -2.010625 -2.025000 -2.027500 -2.041250 -2.056250 -2.067500 -2.067500 -2.058125 -2.054375 -2.046250 -2.048125 -2.074375 -2.069375 -2.085625 -2.055000 -2.057500 -2.061875 -2.065625 -2.065625 -2.070000 -2.070625 -2.078125 -2.091875 -2.093125 -2.071875 -2.043750 -2.048125 -2.050000 -2.055625 -2.060625 -2.066875 -2.078125 -2.085000 -9999.000000 -9999.000000
-2.022500 -2.029375 -2.025000 -2.023125 -2.015000 -2.017500 -2.018125 -2.017500 -2.015000 -2.006250 -1.996875 -1.985625 -1.981875 -1.976250 -1.975625 -1.987500 -2.003125 -2.017500 -2.033125 -2.045000 -2.032500 -2.013750 -2.014375 -2.039375 -2.059375 -2.048125 -2.037500 -2.056250 -2.074375 -2.086250 -2.077500 -2.065625 -2.059375 -2.055000 -2.046250 -2.060000 -2.082500 -2.068750 -2.060625 -2.064375 -2.067500 -2.072500 -2.071250 -2.071875 -2.075625 -2.072500 -2.065625 -2.057500 -2.053750 -2.043750 -2.045625 -2.050000 -2.053750 -2.066250 -2.064375 -2.083125 -2.090000 -9999.000000 -9999.000000
-2.043750 -2.041250 -2.033750 -2.025625 -2.023750 -2.027500 -2.031250 -2.021250 -2.020625 -2.010000 -2.003125 -2.007500 -1.991875 -1.991250 -1.991250 -2.004375 -2.010625 -2.014375 -2.026875 -2.043125 -2.028125 -2.014375 -2.021250 -2.043125 -2.047500 -2.033125 -2.033750 -2.049375 -2.083125 -2.093125 -2.087500 -2.073750 -2.060625 -2.055625 -2.049375 -2.054375 -2.061250 -2.063125 -2.068125 -2.073750 -2.082500 -2.084375 -2.083125 -2.082500 -2.078125 -2.067500 -2.053125 -2.050000 -2.045000 -2.045625 -2.045625 -2.050000 -2.060000 -2.069375 -2.070625 -2.081250 -2.087500 -9999.000000 -9999.000000
