08/bathymetry.asc
ncols 328
nrows 172
xllcorner 283685.125
yllcorner 3355481.375
cellsize 1.0
NODATA_value -9999
[rows 78 to 103 of 172, columns 118 to 176 of 328]
-2.054375 -2.078125 -2.081875 -2.078750 -2.079375 -2.147500 -2.180000 -2.155625 -2.181875 -2.190625 -2.210000 -2.213750 -2.144375 -2.128750 -2.138125 -2.141875 -2.126875 -2.110000 -2.085625 -2.087500 -2.090000 -2.087500 -2.135000 -2.133750 -2.148125 -2.169375 -2.151250 -2.136250 -2.130625 -2.123750 -2.120625 -2.130000 -2.127500 -2.123750 -2.099375 -2.083125 -2.081250 -2.069375 -2.076250 -2.089375 -2.118125 -2.144375 -2.190000 -2.257500 -2.310625 -2.332500 -2.319375 -2.286875 -2.260000 -2.231250 -2.187500 -2.156875 -2.150000 -2.150625 -2.155625 -2.157500 -9999.000000 -9999.000000 -9999.000000
-2.025000 -2.045000 -2.051250 -2.034375 -2.040000 -2.099375 -2.135000 -2.143125 -2.168125 -2.198125 -2.201250 -2.168125 -2.099375 -2.098125 -2.101875 -2.119375 -2.120000 -2.091250 -2.083750 -2.075625 -2.076250 -2.082500 -2.106250 -2.115625 -2.118125 -2.131250 -2.133750 -2.131250 -2.130625 -2.113125 -2.115625 -2.111875 -2.101250 -2.116250 -2.089375 -2.078125 -2.075625 -2.071250 -2.075625 -2.087500 -2.110625 -2.130000 -2.172500 -2.223125 -2.291250 -2.318125 -2.322500 -2.293125 -2.253125 -2.207500 -2.180000 -2.158750 -2.149375 -2.149375 -2.151875 -2.160000 -9999.000000 -9999.000000 -9999.000000
-1.978125 -2.005625 -2.017500 -2.016875 -2.022500 -2.055625 -2.085000 -2.068750 -2.091250 -2.171250 -2.175000 -2.155000 -2.090000 -2.053750 -2.059375 -2.066250 -2.055625 -2.063750 -2.060000 -2.055625 -2.080625 -2.091875 -2.126250 -2.137500 -2.140625 -2.160625 -2.156250 -2.150000 -2.155625 -2.141875 -2.145625 -2.137500 -2.106250 -2.113125 -2.095000 -2.080625 -2.076250 -2.068750 -2.086875 -2.087500 -2.105000 -2.132500 -2.175000 -2.212500 -2.263125 -2.310000 -2.316250 -2.303750 -2.274375 -2.225625 -2.200625 -2.199375 -2.201875 -2.247500 -2.286875 -2.297143 -9999.000000 -9999.000000 -2.200000
-1.970625 -1.989375 -1.986875 -1.968125 -1.973125 -1.981250 -2.003125 -2.002500 -2.028125 -2.133750 -2.175625 -2.163750 -2.083750 -2.048125 -2.055000 -2.061875 -2.059375 -2.059375 -2.063125 -2.072500 -2.073125 -2.085000 -2.123125 -2.154375 -2.158125 -2.156250 -2.168125 -2.153750 -2.153125 -2.138750 -2.128125 -2.121250 -2.101875 -2.091250 -2.096875 -2.080000 -2.073750 -2.072500 -2.114375 -2.201250 -2.193750 -2.170625 -2.180000 -2.205625 -2.247500 -2.292500 -2.320625 -2.308750 -2.281875 -2.236875 -2.213125 -2.209375 -2.214375 -2.241250 -2.261875 -2.227143 -2.221667 -2.196875 -2.193750
-1.949375 -1.968125 -1.968750 -1.960000 -1.960625 -1.970625 -1.980625 -1.981875 -1.989375 -2.045625 -2.110625 -2.075625 -2.042500 -2.040625 -2.043125 -2.057500 -2.070625 -2.061250 -2.060000 -2.063125 -2.070000 -2.087500 -2.131875 -2.148125 -2.142500 -2.136875 -2.152500 -2.160000 -2.152500 -2.148750 -2.134375 -2.118750 -2.113750 -2.099375 -2.096875 -2.081250 -2.075000 -2.085000 -2.088125 -2.121875 -2.121250 -2.132500 -2.159375 -2.192500 -2.240000 -2.288750 -2.328125 -2.338125 -2.298750 -2.242500 -2.215000 -2.210625 -2.212500 -2.220625 -2.239375 -2.188750 -2.191250 -2.211250 -2.196250
-1.981875 -1.961875 -1.953750 -1.950625 -1.952500 -1.956250 -1.964375 -1.968750 -1.973750 -1.984375 -2.003125 -2.003750 -2.011875 -2.029375 -2.043750 -2.075625 -2.102500 -2.073750 -2.059375 -2.061250 -2.075625 -2.105625 -2.154375 -2.176250 -2.132500 -2.128750 -2.143750 -2.156875 -2.161250 -2.179375 -2.143750 -2.118125 -2.116875 -2.110000 -2.095625 -2.088125 -2.080000 -2.080625 -2.078125 -2.109375 -2.121875 -2.138125 -2.160625 -2.187500 -2.232500 -2.289375 -2.329375 -2.357500 -2.324375 -2.258750 -2.228125 -2.220000 -2.218750 -2.221250 -2.243750 -2.186875 -2.202500 -2.224375 -2.200625
-1.965000 -1.942500 -1.934375 -1.935625 -1.945000 -1.952500 -1.954375 -1.960000 -1.964375 -1.966250 -1.978750 -1.986875 -2.008125 -2.021875 -2.039375 -2.082500 -2.101875 -2.069375 -2.061250 -2.060625 -2.068125 -2.106875 -2.160625 -2.175625 -2.143750 -2.141875 -2.140625 -2.135000 -2.140000 -2.153750 -2.138750 -2.124375 -2.123750 -2.110000 -2.098750 -2.090625 -2.081250 -2.080000 -2.083125 -2.106875 -2.120625 -2.128125 -2.148750 -2.186875 -2.233750 -2.292500 -2.333125 -2.376250 -2.347500 -2.278125 -2.250625 -2.182500 -2.206250 -2.228750 -2.236875 -2.180625 -2.211250 -2.222500 -2.215625
-1.931250 -1.918750 -1.916875 -1.928750 -1.939375 -1.959375 -1.977500 -1.956875 -1.960000 -1.970000 -1.978750 -1.983750 -1.997500 -2.016250 -2.025000 -2.049375 -2.061875 -2.054375 -2.056250 -2.060625 -2.070000 -2.112500 -2.146875 -2.153125 -2.138750 -2.146875 -2.151875 -2.143125 -2.133750 -2.123125 -2.132500 -2.148750 -2.144375 -2.116250 -2.098750 -2.100000 -2.090000 -2.088125 -2.081875 -2.103750 -2.121875 -2.111250 -2.153750 -2.197500 -2.241250 -2.284375 -2.326250 -2.378125 -2.365000 -2.308750 -2.260000 -2.187500 -2.228750 -2.241875 -2.208750 -2.186875 -2.206875 -2.211875 -2.208750
-1.914375 -1.905625 -1.905625 -1.919375 -1.931250 -1.950625 -1.983125 -1.968750 -1.971250 -1.970000 -1.973750 -1.982500 -1.996875 -2.010000 -2.016250 -2.035625 -2.045000 -2.048125 -2.053125 -2.058750 -2.070625 -2.101250 -2.128750 -2.141250 -2.142500 -2.148750 -2.160625 -2.150000 -2.138750 -2.143750 -2.149375 -2.132500 -2.121250 -2.111875 -2.100000 -2.103750 -2.097500 -2.095625 -2.105000 -2.121250 -2.131250 -2.136250 -2.170625 -2.214375 -2.243125 -2.275000 -2.311875 -2.371875 -2.371250 -2.313125 -2.266250 -2.204375 -2.185625 -2.213750 -2.181875 -2.178125 -2.186250 -2.198125 -2.190000
-1.900000 -1.900000 -1.905000 -1.918125 -1.920625 -1.936875 -1.951250 -1.958750 -1.963750 -1.968125 -1.976250 -1.987500 -1.992500 -2.008125 -2.016250 -2.027500 -2.038750 -2.048750 -2.053125 -2.061250 -2.075625 -2.093750 -2.126250 -2.138750 -2.141875 -2.150625 -2.170000 -2.170000 -2.156250 -2.177500 -2.164375 -2.133750 -2.122500 -2.114375 -2.109375 -2.112500 -2.126875 -2.105625 -2.104375 -2.125000 -2.141875 -2.152500 -2.202500 -2.215625 -2.248750 -2.268750 -2.301875 -2.353125 -2.363750 -2.320000 -2.273125 -2.233750 -2.193125 -2.188750 -2.180625 -2.186250 -2.188125 -2.175625 -2.169375
-1.900000 -1.900625 -1.901875 -1.915625 -1.919375 -1.923750 -1.935625 -1.941250 -1.945625 -1.959375 -1.976250 -1.986875 -1.993125 -2.005625 -2.016875 -2.027500 -2.037500 -2.047500 -2.051250 -2.070000 -2.081250 -2.095000 -2.124375 -2.147500 -2.157500 -2.157500 -2.189375 -2.201250 -2.211875 -2.207500 -2.152500 -2.131875 -2.125625 -2.115000 -2.105000 -2.120000 -2.133125 -2.104375 -2.103125 -2.114375 -2.150625 -2.158125 -2.193125 -2.221875 -2.217500 -2.238125 -2.279375 -2.324375 -2.343125 -2.319375 -2.273125 -2.230000 -2.213750 -2.197500 -2.189375 -2.181250 -2.175000 -2.168125 -2.157500
-1.901250 -1.898750 -1.906875 -1.910625 -1.923125 -1.936250 -1.949375 -1.948125 -1.950000 -1.971250 -1.978750 -1.986875 -2.006875 -2.006875 -2.015000 -2.028750 -2.032500 -2.037500 -2.053125 -2.073125 -2.084375 -2.093750 -2.118750 -2.153750 -2.146875 -2.155000 -2.196250 -2.211250 -2.223125 -2.193125 -2.153125 -2.136250 -2.128750 -2.118750 -2.106250 -2.111875 -2.131875 -2.114375 -2.110000 -2.112500 -2.136875 -2.160000 -2.170625 -2.181875 -2.196875 -2.228750 -2.274375 -2.301875 -2.328125 -2.318750 -2.283125 -2.241875 -2.210625 -2.185625 -2.170625 -2.171250 -2.165000 -2.156875 -2.147500
-1.898125 -1.906875 -1.915625 -1.911875 -1.932500 -1.960625 -1.974375 -1.974375 -1.978125 -1.973125 -1.985625 -1.995625 -2.002500 -2.007500 -2.011250 -2.021875 -2.024375 -2.033750 -2.056875 -2.076250 -2.090000 -2.095000 -2.131250 -2.171875 -2.158750 -2.158750 -2.211250 -2.215625 -2.211875 -2.173750 -2.149375 -2.133125 -2.123750 -2.122500 -2.110625 -2.110000 -2.133750 -2.114375 -2.112500 -2.110625 -2.124375 -2.154375 -2.166875 -2.172500 -2.189375 -2.227500 -2.265625 -2.281250 -2.308750 -2.330625 -2.307500 -2.245625 -2.208750 -2.179375 -2.162500 -2.161875 -2.161250 -2.151875 -2.143750
-1.889375 -1.913125 -1.927500 -1.920000 -1.947500 -1.956250 -1.944375 -1.941875 -1.976875 -1.980000 -1.988125 -1.969375 -2.015625 -2.013750 -2.021250 -2.008125 -2.017500 -2.036250 -2.044375 -2.074375 -2.088750 -2.114375 -2.167500 -2.183125 -2.153750 -2.150625 -2.176250 -2.193125 -2.210000 -2.165000 -2.140625 -2.128125 -2.120000 -2.113750 -2.110000 -2.109375 -2.122500 -2.115000 -2.108125 -2.111250 -2.117500 -2.150625 -2.170000 -2.185625 -2.208125 -2.224375 -2.238125 -2.259375 -2.285000 -2.313125 -2.320625 -2.258125 -2.213125 -2.189375 -2.165000 -2.160000 -2.160000 -2.156875 -2.145625
-1.902500 -1.931875 -1.920000 -1.918125 -1.948750 -1.944375 -1.913125 -1.916875 -1.960625 -1.976250 -1.995625 -2.031250 -2.021875 -2.036250 -2.064375 -2.035625 -2.019375 -2.037500 -2.054375 -2.106875 -2.110625 -2.171250 -2.184375 -2.161875 -2.138125 -2.132500 -2.151250 -2.174375 -2.201875 -2.165625 -2.139375 -2.135625 -2.121875 -2.113750 -2.110000 -2.105625 -2.109375 -2.109375 -2.109375 -2.113125 -2.123750 -2.143750 -2.174375 -2.195625 -2.208125 -2.212500 -2.207500 -2.235000 -2.256875 -2.275625 -2.278750 -2.264375 -2.204375 -2.180625 -2.185625 -2.173125 -2.163125 -2.161875 -2.151250
-1.908125 -1.930000 -1.938125 -1.941250 -1.956250 -1.960625 -1.967500 -1.968125 -1.973750 -1.973750 -1.993125 -2.033125 -2.036250 -2.081250 -2.043750 -2.071875 -2.063125 -2.057500 -2.079375 -2.100000 -2.134375 -2.161250 -2.143125 -2.131250 -2.130625 -2.123125 -2.144375 -2.163750 -2.183125 -2.160625 -2.145625 -2.131875 -2.126875 -2.114375 -2.117500 -2.113750 -2.109375 -2.110000 -2.111875 -2.115625 -2.122500 -2.143750 -2.173125 -2.179375 -2.191875 -2.220000 -2.216875 -2.214375 -2.235625 -2.241875 -2.232500 -2.251250 -2.225000 -2.192500 -2.185625 -2.191250 -2.185000 -2.180000 -2.169375
-1.914375 -1.934375 -1.949375 -1.963750 -1.965625 -1.971250 -1.987500 -2.006875 -2.013750 -2.005625 -2.027500 -2.054375 -2.085625 -2.112500 -2.084375 -2.093125 -2.058125 -2.050625 -2.063750 -2.072500 -2.117500 -2.126250 -2.123125 -2.118125 -2.126875 -2.130000 -2.133750 -2.152500 -2.159375 -2.154375 -2.147500 -2.136250 -2.136250 -2.115000 -2.115625 -2.113125 -2.113750 -2.113750 -2.111875 -2.117500 -2.125625 -2.140625 -2.160625 -2.170000 -2.191875 -2.218125 -2.233750 -2.221875 -2.225000 -2.216875 -2.207500 -2.223750 -2.231250 -2.206875 -2.188750 -2.203750 -2.211250 -2.192500 -2.179375
-1.936250 -1.951875 -1.960000 -1.976250 -1.977500 -2.002500 -2.015625 -1.998125 -2.008750 -2.003750 -2.008750 -2.016875 -2.090625 -2.120000 -2.119375 -2.142500 -2.098125 -2.062500 -2.074375 -2.060000 -2.095625 -2.100000 -2.098125 -2.117500 -2.123125 -2.126250 -2.133125 -2.149375 -2.151250 -2.145625 -2.136875 -2.133125 -2.126250 -2.116250 -2.113750 -2.121875 -2.100000 -2.103750 -2.110625 -2.123125 -2.133125 -2.153125 -2.164375 -2.170000 -2.185000 -2.202500 -2.223750 -2.225000 -2.219375 -2.208125 -2.196250 -2.208750 -2.224375 -2.227500 -2.203750 -2.199375 -2.211875 -2.195625 -2.188750
-1.938125 -1.948125 -1.971875 -1.991875 -1.993750 -2.005000 -2.013750 -1.978125 -1.981875 -1.983750 -1.967143 -1.985000 -2.072000 -2.125000 -2.065000 -2.021875 -2.020625 -2.018125 -2.026250 -2.037500 -2.055625 -2.073750 -2.086875 -2.106875 -2.124375 -2.130625 -2.131250 -2.144375 -2.148125 -2.139375 -2.136250 -2.131250 -2.126875 -2.111875 -2.108750 -2.116250 -2.105625 -2.106250 -2.118125 -2.131250 -2.136875 -2.157500 -2.169375 -2.172500 -2.180000 -2.186250 -2.204375 -2.214375 -2.216875 -2.209375 -2.193750 -2.210625 -2.218125 -2.215000 -2.201250 -2.204375 -2.207500 -2.195000 -2.215625
-1.968750 -1.968750 -1.984545 -1.985455 -2.013750 -2.034286 -2.020000 -1.930000 -9999.000000 -9999.000000 -9999.000000 -9999.000000 -9999.000000 -9999.000000 -2.014444 -2.008750 -2.023750 -2.018125 -2.039375 -2.035000 -2.053125 -2.068125 -2.083750 -2.108750 -2.125625 -2.134375 -2.143125 -2.146875 -2.153750 -2.145625 -2.139375 -2.131250 -2.131875 -2.116875 -2.116875 -2.116875 -2.111250 -2.109375 -2.118750 -2.131875 -2.137500 -2.143750 -2.155000 -2.171875 -2.171250 -2.181875 -2.198750 -2.207500 -2.212500 -2.217500 -2.191875 -2.204375 -2.208125 -2.206250 -2.201250 -2.211250 -2.203125 -2.197500 -2.243750
-1.990000 -9999.000000 -9999.000000 -9999.000000 -9999.000000 -9999.000000 -9999.000000 -9999.000000 -9999.000000 -9999.000000 -9999.000000 -9999.000000 -9999.000000 -9999.000000 -2.030000 -2.016875 -2.006875 -2.021875 -2.036250 -2.038750 -2.053125 -2.062500 -2.081875 -2.111250 -2.128125 -2.140625 -2.151250 -2.153750 -2.165625 -2.170000 -2.148750 -2.144375 -2.143750 -2.136875 -2.126250 -2.119375 -2.111250 -2.108125 -2.118125 -2.133125 -2.143125 -2.147500 -2.156250 -2.171250 -2.171875 -2.180625 -2.198750 -2.222500 -2.220000 -2.226875 -2.201875 -2.211875 -2.212500 -2.207500 -2.216250 -2.212500 -2.206250 -2.205000 -2.242500
-9999.000000 -9999.000000 -9999.000000 -9999.000000 -9999.000000 -9999.000000 -9999.000000 -9999.000000 -9999.000000 -9999.000000 -9999.000000 -9999.000000 -9999.000000 -9999.000000 -9999.000000 -1.982000 -2.000625 -2.035625 -2.050625 -2.050000 -2.064375 -2.078125 -2.089375 -2.119375 -2.131875 -2.146875 -2.161250 -2.178750 -2.180625 -2.179375 -2.165000 -2.155000 -2.151250 -2.145000 -2.131875 -2.118750 -2.111875 -2.111875 -2.117500 -2.133125 -2.144375 -2.150625 -2.155625 -2.164375 -2.177500 -2.183750 -2.198750 -2.220625 -2.234375 -2.221875 -2.205000 -2.214375 -2.215000 -2.220000 -2.223750 -2.215625 -2.209375 -2.205625 -2.240625
-9999.000000 -9999.000000 -9999.000000 -9999.000000 -9999.000000 -9999.000000 -9999.000000 -9999.000000 -9999.000000 -9999.000000 -9999.000000 -9999.000000 -9999.000000 -9999.000000 -9999.000000 -1.963333 -1.996875 -2.030000 -2.075625 -2.083125 -2.088125 -2.094375 -2.103750 -2.138750 -2.147500 -2.158125 -2.171875 -2.197500 -2.191250 -2.188750 -2.183750 -2.165625 -2.153750 -2.148125 -2.136875 -2.126875 -2.128125 -2.130625 -2.121250 -2.126875 -2.132500 -2.140000 -2.145000 -2.157500 -2.176250 -2.181250 -2.191875 -2.230625 -2.256250 -2.233750 -2.206875 -2.208125 -2.217500 -2.228125 -2.225000 -2.231250 -2.228125 -2.221250 -2.229375
-9999.000000 -9999.000000 -9999.000000 -9999.000000 -9999.000000 -9999.000000 -9999.000000 -9999.000000 -9999.000000 -9999.000000 -9999.000000 -9999.000000 -9999.000000 -9999.000000 -9999.000000 -9999.000000 -2.007778 -2.043750 -2.100625 -2.134375 -2.125625 -2.125625 -2.137500 -2.161250 -2.176250 -2.185000 -2.201875 -2.221250 -2.218125 -2.213125 -2.204375 -2.176875 -2.161875 -2.151875 -2.138750 -2.130625 -2.130625 -2.125000 -2.119375 -2.118125 -2.120000 -2.129375 -2.132500 -2.143750 -2.154375 -2.171250 -2.188750 -2.207500 -2.242500 -2.246250 -2.226875 -2.210625 -2.226875 -2.231875 -2.225625 -2.238125 -2.246875 -2.245625 -2.246875
-9999.000000 -9999.000000 -9999.000000 -9999.000000 -9999.000000 -9999.000000 -9999.000000 -9999.000000 -9999.000000 -9999.000000 -9999.000000 -9999.000000 -9999.000000 -9999.000000 -9999.000000 -9999.000000 -2.050000 -2.042000 -2.128125 -2.177500 -2.166875 -2.170625 -2.176875 -2.201875 -2.203750 -2.220000 -2.254375 -2.274375 -2.258125 -2.241250 -2.221250 -2.201875 -2.180625 -2.158750 -2.143750 -2.130625 -2.123750 -2.119375 -2.116875 -2.108125 -2.106875 -2.114375 -2.120000 -2.126875 -2.136875 -2.158750 -2.184375 -2.198750 -2.210625 -2.223750 -2.230000 -2.221250 -2.228125 -2.241875 -2.244375 -2.255000 -2.255625 -2.262500 -2.267500
-9999.000000 -9999.000000 -9999.000000 -9999.000000 -9999.000000 -9999.000000 -9999.000000 -9999.000000 -9999.000000 -9999.000000 -9999.000000 -9999.000000 -9999.000000 -9999.000000 -9999.000000 -9999.000000 -9999.000000 -1.961250 -2.136875 -2.185625 -2.208750 -2.233125 -2.237500 -2.230625 -2.237500 -2.251875 -2.272500 -2.289375 -2.286250 -2.260625 -2.231875 -2.208750 -2.189375 -2.160000 -2.141875 -2.131875 -2.122500 -2.116250 -2.105000 -2.095625 -2.095625 -2.103750 -2.113125 -2.122500 -2.131250 -2.141250 -2.176875 -2.183125 -2.193750 -2.203125 -2.226250 -2.235000 -2.218750 -2.238750 -2.247500 -2.260000 -2.273750 -2.283125 -2.285000
