08/bathymetry.asc
ncols 328
nrows 172
xllcorner 283685.125
yllcorner 3355481.375
cellsize 1.0
NODATA_value -9999
[rows 52 to 77 of 172, columns 59 to 117 of 328]
-9999.000000 -9999.000000 -9999.000000 -9999.000000 -9999.000000 -9999.000000 -9999.000000 -9999.000000 -9999.000000 -9999.000000 -9999.000000 -9999.000000 -9999.000000 -9999.000000 -9999.000000 -9999.000000 -9999.000000 -9999.000000 -9999.000000 -9999.000000 -9999.000000 -9999.000000 -9999.000000 -9999.000000 -9999.000000 -9999.000000 -9999.000000 -9999.000000 -9999.000000 -9999.000000 -9999.000000 -9999.000000 -9999.000000 -9999.000000 -9999.000000 -9999.000000 -9999.000000 -9999.000000 -1.345000 -1.341250 -1.374286 -1.318125 -1.308750 -1.370625 -1.450000 -1.534375 -1.601875 -1.688125 -1.729375 -1.756875 -1.808750 -1.856875 -1.885000 -1.898125 -1.935000 -1.966250 -1.968750 -1.970000 -1.982500
-9999.000000 -9999.000000 -9999.000000 -9999.000000 -9999.000000 -9999.000000 -9999.000000 -9999.000000 -9999.000000 -9999.000000 -9999.000000 -9999.000000 -9999.000000 -9999.000000 -9999.000000 -9999.000000 -9999.000000 -9999.000000 -9999.000000 -9999.000000 -9999.000000 -9999.000000 -9999.000000 -9999.000000 -9999.000000 -9999.000000 -9999.000000 -9999.000000 -9999.000000 -9999.000000 -9999.000000 -9999.000000 -9999.000000 -9999.000000 -9999.000000 -1.370000 -1.380000 -1.360000 -1.358750 -1.400000 -1.411875 -1.385625 -1.415625 -1.517500 -1.589375 -1.623125 -1.668750 -1.741875 -1.798750 -1.835625 -1.873125 -1.917500 -1.936250 -1.957500 -1.987500 -2.007500 -2.016250 -2.016875 -2.016250
-9999.000000 -9999.000000 -9999.000000 -9999.000000 -9999.000000 -9999.000000 -9999.000000 -9999.000000 -9999.000000 -9999.000000 -9999.000000 -9999.000000 -9999.000000 -9999.000000 -9999.000000 -9999.000000 -9999.000000 -9999.000000 -9999.000000 -9999.000000 -9999.000000 -9999.000000 -9999.000000 -9999.000000 -9999.000000 -9999.000000 -9999.000000 -9999.000000 -9999.000000 -9999.000000 -9999.000000 -9999.000000 -1.335000 -1.427143 -1.396667 -1.415625 -1.417500 -1.431250 -1.403125 -1.456875 -1.479375 -1.510625 -1.565625 -1.660000 -1.712500 -1.733125 -1.745000 -1.818750 -1.882500 -1.930000 -1.957500 -1.978750 -1.991875 -2.016875 -2.046875 -2.035625 -2.043750 -2.050625 -2.048750
-9999.000000 -9999.000000 -9999.000000 -9999.000000 -9999.000000 -9999.000000 -9999.000000 -9999.000000 -9999.000000 -9999.000000 -9999.000000 -9999.000000 -9999.000000 -9999.000000 -9999.000000 -9999.000000 -9999.000000 -9999.000000 -9999.000000 -9999.000000 -9999.000000 -9999.000000 -9999.000000 -9999.000000 -9999.000000 -9999.000000 -9999.000000 -9999.000000 -1.380000 -1.336667 -1.332000 -1.347333 -1.378125 -1.438125 -1.458750 -1.478125 -1.515625 -1.556875 -1.580625 -1.603750 -1.612500 -1.640625 -1.698125 -1.777500 -1.808750 -1.850000 -1.890000 -1.929375 -1.961875 -1.984375 -2.012500 -2.026250 -2.028750 -2.053125 -2.085000 -2.080000 -2.079375 -2.080000 -2.071250
-9999.000000 -9999.000000 -9999.000000 -9999.000000 -9999.000000 -9999.000000 -9999.000000 -9999.000000 -9999.000000 -9999.000000 -9999.000000 -9999.000000 -9999.000000 -9999.000000 -9999.000000 -9999.000000 -9999.000000 -9999.000000 -9999.000000 -9999.000000 -9999.000000 -9999.000000 -9999.000000 -9999.000000 -9999.000000 -1.523333 -1.547500 -1.398462 -1.354375 -1.411250 -1.411250 -1.450000 -1.473750 -1.516250 -1.520625 -1.596875 -1.655000 -1.694375 -1.716250 -1.757500 -1.761250 -1.790625 -1.828125 -1.881250 -1.905625 -1.930000 -1.970000 -2.009375 -2.025000 -2.046250 -2.054375 -2.064375 -2.048125 -2.068125 -2.094375 -2.099375 -2.092500 -2.088750 -2.087500
-9999.000000 -9999.000000 -9999.000000 -9999.000000 -9999.000000 -9999.000000 -9999.000000 -9999.000000 -9999.000000 -9999.000000 -9999.000000 -9999.000000 -9999.000000 -9999.000000 -9999.000000 -9999.000000 -9999.000000 -9999.000000 -9999.000000 -9999.000000 -9999.000000 -1.600000 -1.585000 -1.592000 -1.603333 -1.582500 -1.571250 -1.537500 -1.514375 -1.548750 -1.573750 -1.609375 -1.629375 -1.639375 -1.623750 -1.720625 -1.771875 -1.813125 -1.830625 -1.879375 -1.892500 -1.915000 -1.936250 -1.959375 -1.982500 -2.006250 -2.028125 -2.058125 -2.070000 -2.075000 -2.070000 -2.079375 -2.088125 -2.084375 -2.093125 -2.096250 -2.092500 -2.098125 -2.105000
-9999.000000 -9999.000000 -9999.000000 -9999.000000 -9999.000000 -9999.000000 -9999.000000 -9999.000000 -9999.000000 -9999.000000 -9999.000000 -9999.000000 -9999.000000 -9999.000000 -9999.000000 -9999.000000 -9999.000000 -9999.000000 -1.740000 -1.712500 -1.684167 -1.666875 -1.662500 -1.686875 -1.685000 -1.629375 -1.637500 -1.643125 -1.658125 -1.690000 -1.725000 -1.743750 -1.759375 -1.775000 -1.778125 -1.845625 -1.864375 -1.908750 -1.939375 -1.946875 -1.952500 -1.973125 -1.993750 -2.016875 -2.037500 -2.053750 -2.065625 -2.083750 -2.092500 -2.094375 -2.100000 -2.101875 -2.102500 -2.107500 -2.104375 -2.109375 -2.112500 -2.106875 -2.100625
-9999.000000 -9999.000000 -9999.000000 -9999.000000 -9999.000000 -9999.000000 -9999.000000 -9999.000000 -9999.000000 -9999.000000 -9999.000000 -9999.000000 -9999.000000 -9999.000000 -9999.000000 -1.668000 -1.686667 -1.665714 -1.760625 -1.785625 -1.760000 -1.794375 -1.780000 -1.765000 -1.756250 -1.716250 -1.693125 -1.742500 -1.759375 -1.781875 -1.803125 -1.847500 -1.860000 -1.889375 -1.918750 -1.928750 -1.936875 -1.966250 -1.984375 -1.990625 -2.003125 -2.025625 -2.037500 -2.048750 -2.065625 -2.073750 -2.089375 -2.103125 -2.111250 -2.110625 -2.110625 -2.113750 -2.101875 -2.101250 -2.091250 -2.095625 -2.101250 -2.096250 -2.098750
-9999.000000 -9999.000000 -9999.000000 -9999.000000 -9999.000000 -9999.000000 -9999.000000 -9999.000000 -9999.000000 -9999.000000 -9999.000000 -1.580000 -1.635714 -1.610000 -1.648750 -1.715000 -1.762500 -1.803750 -1.776250 -1.845625 -1.863125 -1.865625 -1.848125 -1.825625 -1.798750 -1.750625 -1.763125 -1.808750 -1.828125 -1.870625 -1.895000 -1.922500 -1.946875 -1.963750 -1.974375 -1.981250 -1.995000 -2.014375 -2.023750 -2.033750 -2.040625 -2.050000 -2.056875 -2.063750 -2.073750 -2.086875 -2.096250 -2.100000 -2.097500 -2.113750 -2.112500 -2.115625 -2.113125 -2.103125 -2.095000 -2.101250 -2.091250 -2.095625 -2.109375
-9999.000000 -9999.000000 -9999.000000 -9999.000000 -9999.000000 -9999.000000 -9999.000000 -9999.000000 -1.573333 -1.483333 -1.622308 -1.666875 -1.721875 -1.766875 -1.787500 -1.808750 -1.819375 -1.730625 -1.808125 -1.896250 -1.914375 -1.875000 -1.872500 -1.888750 -1.860000 -1.846875 -1.858750 -1.878125 -1.906875 -1.928750 -1.949375 -1.965000 -1.986875 -2.008750 -2.021250 -2.031250 -2.031875 -2.046250 -2.055000 -2.056250 -2.060000 -2.057500 -2.060000 -2.068750 -2.071250 -2.091875 -2.103750 -2.088125 -2.085625 -2.100625 -2.106250 -2.105625 -2.102500 -2.094375 -2.092500 -2.101250 -2.101875 -2.115000 -2.136875
-9999.000000 -9999.000000 -9999.000000 -1.450000 -1.484000 -1.581250 -1.608333 -1.620000 -1.658125 -1.689375 -1.761250 -1.791250 -1.820000 -1.834375 -1.866875 -1.875625 -1.895000 -1.875625 -1.893750 -1.943750 -1.963125 -1.936250 -1.930000 -1.944375 -1.956250 -1.960000 -1.944375 -1.942500 -1.955625 -1.968750 -1.987500 -2.001875 -2.020625 -2.043125 -2.050000 -2.053125 -2.056875 -2.065625 -2.078125 -2.064375 -2.066250 -2.063125 -2.061250 -2.061875 -2.058750 -2.068125 -2.085625 -2.071875 -2.081250 -2.089375 -2.089375 -2.093125 -2.095000 -2.085625 -2.088750 -2.113750 -2.141250 -2.176250 -2.190000
-1.640000 -1.583846 -1.515000 -1.524375 -1.563125 -1.518750 -1.670000 -1.730625 -1.788125 -1.821875 -1.861250 -1.881250 -1.889375 -1.910000 -1.901875 -1.921250 -1.938750 -1.938750 -1.989375 -2.006250 -1.997500 -1.999375 -1.978750 -1.946250 -1.983750 -2.002500 -2.021875 -2.010000 -2.002500 -2.003125 -2.018750 -2.027500 -2.044375 -2.062500 -2.071875 -2.074375 -2.077500 -2.080000 -2.085000 -2.069375 -2.058125 -2.075625 -2.066250 -2.052500 -2.050625 -2.053125 -2.065000 -2.050000 -2.059375 -2.068750 -2.083125 -2.091250 -2.093750 -2.080000 -2.082500 -2.107500 -2.158125 -2.196250 -2.225000
-1.713125 -1.705000 -1.666875 -1.688125 -1.725625 -1.734375 -1.808750 -1.828125 -1.866875 -1.891875 -1.911875 -1.935000 -1.938125 -1.973750 -1.970625 -1.984375 -1.992500 -2.004375 -2.031875 -2.040625 -2.037500 -2.036875 -2.036875 -1.996875 -2.018750 -2.020000 -2.030625 -2.042500 -2.036875 -2.035000 -2.046875 -2.055000 -2.073125 -2.080000 -2.086250 -2.080000 -2.080000 -2.081250 -2.078750 -2.073750 -2.058125 -2.063125 -2.060000 -2.056875 -2.046250 -2.044375 -2.040625 -2.059375 -2.060000 -2.050000 -2.057500 -2.071250 -2.068750 -2.070000 -2.073125 -2.085000 -2.137500 -2.180000 -2.221875
-1.780000 -1.790625 -1.798125 -1.820625 -1.846250 -1.873125 -1.875625 -1.893750 -1.928750 -1.959375 -2.004375 -1.995000 -1.973750 -2.033750 -2.044375 -2.037500 -2.036250 -2.060625 -2.090625 -2.073750 -2.080000 -2.076250 -2.075000 -2.058125 -2.042500 -2.035625 -2.040000 -2.058750 -2.054375 -2.065625 -2.076250 -2.082500 -2.089375 -2.093750 -2.089375 -2.085000 -2.085000 -2.083750 -2.081250 -2.072500 -2.053750 -2.051250 -2.061875 -2.066250 -2.045625 -2.039375 -2.032500 -2.036875 -2.026875 -2.036250 -2.065625 -2.055625 -2.061250 -2.088750 -2.078750 -2.078750 -2.100625 -2.137500 -2.181250
-1.875625 -1.880625 -1.886250 -1.908125 -1.952500 -1.953125 -1.959375 -1.967500 -1.988125 -2.022500 -2.065000 -2.084375 -2.065000 -2.066250 -2.080000 -2.094375 -2.100000 -2.098125 -2.118750 -2.114375 -2.109375 -2.111875 -2.101875 -2.091250 -2.071875 -2.068750 -2.071250 -2.078750 -2.072500 -2.081250 -2.090000 -2.095625 -2.096875 -2.101875 -2.094375 -2.092500 -2.081875 -2.081875 -2.076250 -2.078750 -2.060000 -2.051875 -2.033750 -2.041250 -2.043125 -2.045000 -2.044375 -2.019375 -2.019375 -2.031875 -2.056250 -2.056875 -2.076250 -2.057500 -2.090625 -2.092500 -2.087500 -2.109375 -2.142500
-1.945625 -1.975625 -1.963125 -1.968750 -1.989375 -1.993750 -2.014375 -2.035625 -2.051875 -2.075000 -2.100000 -2.118125 -2.106250 -2.098750 -2.115000 -2.112500 -2.116250 -2.121875 -2.128125 -2.121250 -2.126250 -2.121250 -2.120000 -2.108125 -2.091250 -2.090000 -2.093750 -2.094375 -2.098750 -2.090625 -2.090000 -2.094375 -2.091250 -2.091250 -2.089375 -2.103750 -2.095000 -2.095625 -2.085000 -2.081250 -2.073125 -2.060625 -2.040000 -2.042500 -2.028750 -2.025000 -2.016250 -2.017500 -2.024375 -2.031250 -2.063125 -2.062500 -2.093750 -2.048750 -2.084375 -2.095625 -2.099375 -2.111875 -2.140000
-1.985625 -2.018125 -2.010625 -2.033750 -2.040000 -2.051250 -2.068125 -2.078750 -2.096875 -2.118125 -2.135625 -2.148750 -2.146250 -2.128750 -2.131875 -2.128750 -2.127500 -2.135625 -2.140000 -2.135000 -2.146250 -2.134375 -2.125625 -2.130625 -2.120625 -2.113125 -2.109375 -2.103125 -2.108750 -2.098125 -2.085000 -2.083125 -2.082500 -2.086250 -2.086250 -2.098750 -2.093125 -2.096250 -2.084375 -2.084375 -2.067500 -2.056250 -2.054375 -2.051250 -2.044375 -2.025625 -2.005000 -2.021250 -2.051250 -2.056875 -2.082500 -2.063750 -2.088125 -2.059375 -2.055625 -2.072500 -2.100000 -2.120000 -2.141875
-2.042500 -2.055625 -2.064375 -2.085625 -2.085000 -2.095625 -2.104375 -2.104375 -2.116250 -2.136875 -2.160625 -2.166875 -2.153125 -2.148125 -2.147500 -2.143750 -2.145000 -2.142500 -2.140000 -2.139375 -2.136250 -2.133750 -2.126250 -2.121875 -2.113750 -2.110625 -2.109375 -2.103125 -2.114375 -2.093125 -2.071250 -2.105625 -2.090000 -2.088750 -2.089375 -2.096875 -2.091875 -2.090000 -2.091875 -2.090000 -2.088750 -2.070000 -2.018750 -2.018125 -1.998125 -1.993125 -2.005000 -1.994375 -2.027500 -2.076875 -2.060625 -2.044375 -2.059375 -2.046250 -2.048125 -2.065625 -2.097500 -2.115625 -2.148750
-2.108125 -2.103750 -2.106875 -2.123750 -2.118125 -2.130625 -2.128125 -2.125000 -2.125000 -2.140625 -2.172500 -2.172500 -2.169375 -2.162500 -2.160625 -2.145625 -2.133125 -2.132500 -2.129375 -2.127500 -2.131875 -2.141875 -2.126250 -2.120000 -2.101875 -2.100000 -2.105000 -2.108125 -2.145000 -2.107500 -2.053125 -2.146875 -2.103750 -2.087500 -2.086875 -2.106250 -2.096250 -2.103125 -2.088750 -2.055625 -2.012500 -2.006875 -2.003750 -2.000000 -1.998750 -2.005625 -2.031875 -2.009375 -2.027500 -2.050000 -2.026875 -2.032500 -2.038125 -2.046250 -2.058125 -2.068125 -2.096875 -2.126875 -2.152500
-2.125000 -2.131250 -2.134375 -2.133125 -2.155000 -2.176875 -2.149375 -2.151875 -2.149375 -2.149375 -2.167500 -2.181875 -2.179375 -2.168750 -2.153125 -2.137500 -2.131875 -2.123125 -2.121250 -2.117500 -2.131875 -2.122500 -2.113125 -2.111250 -2.107500 -2.105625 -2.115000 -2.110625 -2.140000 -2.135625 -2.054375 -2.138125 -2.094375 -2.073125 -2.075000 -2.073750 -2.041250 -2.003125 -1.981875 -1.983125 -1.989375 -1.991250 -2.000625 -2.000000 -2.011875 -2.026875 -2.043750 -2.036250 -2.025000 -2.019375 -2.015625 -2.027500 -2.043125 -2.053750 -2.063125 -2.081250 -2.112500 -2.140625 -2.165000
-2.133750 -2.136875 -2.152500 -2.155000 -2.170000 -2.183750 -2.180625 -2.166250 -2.153125 -2.165625 -2.166250 -2.190625 -2.183125 -2.172500 -2.157500 -2.138125 -2.131875 -2.134375 -2.125625 -2.127500 -2.138125 -2.119375 -2.105000 -2.106875 -2.116250 -2.101250 -2.102500 -2.109375 -2.111250 -2.145625 -2.120625 -2.136250 -2.093125 -2.015000 -1.987500 -2.000000 -1.992500 -1.985000 -1.991250 -1.992500 -2.001875 -1.988750 -1.999375 -2.001875 -2.008750 -2.005000 -2.060625 -2.038125 -2.001250 -2.004375 -2.011875 -2.027500 -2.040625 -2.064375 -2.073125 -2.086875 -2.117500 -2.123750 -2.155000
-2.151250 -2.144375 -2.154375 -2.176250 -2.171875 -2.170625 -2.177500 -2.169375 -2.156250 -2.163125 -2.150625 -2.151250 -2.154375 -2.147500 -2.151875 -2.140625 -2.138125 -2.131875 -2.123750 -2.143750 -2.136250 -2.128125 -2.118750 -2.109375 -2.113125 -2.108125 -2.112500 -2.135000 -2.112500 -2.106250 -2.053125 -2.048125 -2.025625 -2.006250 -1.991875 -2.013125 -2.001250 -2.001250 -2.005625 -1.996250 -2.004375 -1.996250 -1.995625 -2.000625 -2.010000 -2.040000 -2.050000 -2.035000 -2.020000 -2.004375 -2.011875 -2.023750 -2.045625 -2.080625 -2.093125 -2.105625 -2.113750 -2.119375 -2.147500
-2.153125 -2.151250 -2.142500 -2.155625 -2.187500 -2.167500 -2.156250 -2.158125 -2.146875 -2.144375 -2.146875 -2.149375 -2.155625 -2.136875 -2.150000 -2.151250 -2.145000 -2.133750 -2.123750 -2.118125 -2.122500 -2.120625 -2.119375 -2.106250 -2.078125 -2.095625 -2.080000 -2.073750 -2.036875 -2.038750 -2.036875 -2.045625 -2.021250 -2.008750 -2.014375 -2.015000 -2.025000 -2.023750 -2.019375 -2.006250 -2.000625 -1.996250 -1.989375 -2.003750 -2.015625 -2.067500 -2.053125 -2.024375 -2.018125 -2.013125 -2.000625 -2.015625 -2.036250 -2.061875 -2.064375 -2.097500 -2.128750 -2.148750 -2.158125
-2.152500 -2.149375 -2.145625 -2.143750 -2.155625 -2.185000 -2.156875 -2.155000 -2.146875 -2.146250 -2.146250 -2.156875 -2.150000 -2.136875 -2.140625 -2.130000 -2.121875 -2.109375 -2.100625 -2.091875 -2.087500 -2.100000 -2.088125 -2.066250 -2.047500 -2.055625 -2.051875 -2.038750 -2.051250 -2.046250 -2.046875 -2.038125 -2.034375 -2.038125 -2.036875 -2.032500 -2.041250 -2.038750 -2.025000 -2.021250 -2.020625 -2.020625 -2.033125 -2.046875 -2.028750 -2.023125 -2.025000 -2.025000 -2.026875 -2.020625 -2.018125 -2.012500 -2.030000 -2.062500 -2.065625 -2.083750 -2.127500 -2.145000 -2.136875
-2.150000 -2.151250 -2.142500 -2.130625 -2.143750 -2.155625 -2.165000 -2.133125 -2.126250 -2.133125 -2.121250 -2.126250 -2.136875 -2.123125 -2.109375 -2.100625 -2.101875 -2.095000 -2.081250 -2.075000 -2.066250 -2.067500 -2.080000 -2.051875 -2.054375 -2.051875 -2.051875 -2.043125 -2.046250 -2.042500 -2.046875 -2.038750 -2.043125 -2.035000 -2.038750 -2.038125 -2.035000 -2.026250 -2.020000 -2.019375 -2.020000 -2.023750 -2.021875 -2.040625 -2.031250 -2.026875 -2.001875 -2.001250 -2.003750 -2.015000 -2.025000 -2.023750 -2.033125 -2.046875 -2.063125 -2.099375 -2.099375 -2.089375 -2.084375
-2.137500 -2.148750 -2.127500 -2.116875 -2.121875 -2.128750 -2.137500 -2.129375 -2.113750 -2.125625 -2.127500 -2.121250 -2.131875 -2.119375 -2.104375 -2.096250 -2.084375 -2.077500 -2.078750 -2.075625 -2.073750 -2.060625 -2.070625 -2.051875 -2.049375 -2.041875 -2.041875 -2.041875 -2.043125 -2.039375 -2.035625 -2.041250 -2.042500 -2.045625 -2.041875 -2.037500 -2.021875 -2.015000 -2.014375 -2.020000 -2.020625 -2.021250 -2.021875 -2.035000 -2.023125 -2.020000 -2.003750 -1.993125 -2.002500 -2.010000 -2.005625 -2.013750 -2.017500 -2.023750 -2.040625 -2.077500 -2.058750 -2.051250 -2.052500
